"Tes Ti18 beta                                                             
WIMV generated ODF                                                         
      1.00      1.00      1.00     90.00     90.00     90.00    7    1


     GAMMA =   0.0

         MINIMUM =     0.003     BETA  = 75.     ALPHA = 140.
         MAXIMUM =   118.319     BETA  = 45.     ALPHA =  85.


 ALPHA>   0     5    10    15    20    25    30    35    40    45    50    55    60    65    70    75    80    85    90
 BETA ------------------------------------------------------------------------------------------------------------------
   0| 10.72  2.75  0.17  0.73  0.95  1.19  0.34  0.57  0.24  0.24  0.07  0.62  0.43  1.18  0.80  1.30  1.81 11.17 10.72
   5|  2.74  0.60  0.72  0.18  0.25  0.47  0.66  0.78  0.50  0.04  0.14  0.11  0.28  0.32  0.24  2.48  3.57 11.07 12.38
  10|  0.32  0.17  0.04  0.15  0.03  0.04  0.06  0.21  0.10  0.27  0.20  0.08  0.27  0.08  0.55  2.85  7.60 11.10 11.15
  15|  0.06  0.06  0.08  0.02  0.22  0.01  0.01  0.03  0.11  0.02  0.02  0.02  0.01  0.05  0.72  1.80  2.33  8.08  7.88
  20|  0.03  0.06  0.03  0.02  0.04  0.01  0.03  0.02  0.06  0.06  0.09  0.01  0.00  0.07  0.24  3.63  8.51 22.59 14.31
  25|  0.06  0.02  0.02  0.02  0.06  0.12  0.14  0.01  0.12  0.26  0.02  0.06  0.00  0.04  0.10  1.44 20.57 22.96 15.81
  30|  0.11  0.19  0.10  0.40  0.10  0.19  1.05  0.11  0.14  0.09  0.04  0.01  0.10  0.02  0.79  6.73 24.71 32.24 23.81
  35|  0.26  0.11  0.27  0.11  0.22  0.51  1.61  0.71  0.42  0.30  0.39  0.07  0.44  0.27  2.21  1.63 22.72 45.69 29.89
  40|  0.01  0.15  0.09  0.85  0.19  1.02  6.46 18.06  7.37  0.56  0.06  0.09  0.15  1.01  1.76  3.92 15.73105.93 74.37
  45|  0.01  0.01  0.10  0.40  0.08  1.30 12.25 40.38  7.62  0.40  0.32  0.03  0.36  1.09  0.72  3.09 38.09118.32 38.36
  50|  0.06  0.03  0.28  0.06  0.63  0.80  3.30  5.55  2.72  0.09  0.26  0.02  0.14  0.36  0.34  3.88 35.31 98.87 46.10
  55|  0.10  0.07  0.12  0.03  0.16  0.11  0.03  0.03  0.10  0.08  0.03  0.02  0.03  0.17  0.78  7.55 20.73 41.15 30.19
  60|  0.23  0.02  0.01  0.13  0.10  0.06  0.17  0.02  0.04  0.05  0.09  0.01  0.05  0.08  0.31  4.78 14.81 20.35 16.95
  65|  0.04  0.16  0.04  0.02  0.03  0.19  0.04  0.06  0.12  0.02  0.23  0.04  0.02  0.12  0.28  0.75  9.47 15.90 14.64
  70|  0.11  0.24  0.03  0.23  0.10  0.03  0.20  0.07  0.07  0.08  0.07  0.03  0.02  0.20  0.97  2.71  5.78 15.24 18.79
  75|  0.40  0.21  0.55  0.48  0.04  0.05  0.01  0.03  0.02  0.01  0.10  0.03  0.03  0.08  0.19  1.72  3.18  4.86  5.01
  80|  0.75  0.47  0.67  0.68  0.05  0.39  0.15  0.19  0.05  0.04  0.10  0.29  0.26  0.57  0.80  0.72  5.88  7.68  6.87
  85|  4.47  0.57  0.58  0.53  0.44  0.73  0.78  0.99  0.76  0.09  0.24  0.28  1.01  0.47  1.29  1.62  2.29  7.25  6.17
  90| 10.72  2.75  0.17  0.73  0.95  1.19  0.34  0.57  0.24  0.24  0.07  0.62  0.43  1.18  0.80  1.30  1.81 11.17 10.72


 ALPHA>  90    95   100   105   110   115   120   125   130   135   140   145   150   155   160   165   170   175   180
 BETA ------------------------------------------------------------------------------------------------------------------
   0| 10.72  2.75  0.17  0.73  0.95  1.19  0.34  0.57  0.24  0.24  0.07  0.62  0.43  1.18  0.80  1.30  1.81 11.17 10.72
   5| 12.38  1.92  0.39  0.28  0.43  0.92  0.19  0.59  0.03  0.15  0.42  0.17  0.32  0.18  0.34  0.56  2.86  2.81  4.47
  10| 11.15  2.45  0.38  0.36  0.11  0.22  0.26  0.20  0.01  0.01  0.02  0.08  0.08  0.07  0.19  0.59  0.81  0.80  0.75
  15|  7.88  1.26  0.73  0.13  0.02  0.04  0.08  0.05  0.01  0.01  0.02  0.02  0.03  0.06  0.61  0.43  0.19  0.26  0.40
  20| 14.31  2.00  1.36  0.21  0.04  0.01  0.02  0.09  0.06  0.03  0.04  0.02  0.01  0.19  0.37  0.72  0.55  0.14  0.11
  25| 15.81  4.59  0.27  0.33  0.01  0.02  0.02  0.15  0.02  0.02  0.01  0.06  0.04  0.44  0.31  0.13  0.39  0.19  0.04
  30| 23.81  2.26  0.30  0.08  0.02  0.06  0.01  0.03  0.24  0.08  0.03  0.02  0.02  0.05  0.16  0.04  0.54  0.35  0.23
  35| 29.89  3.61  1.05  0.27  0.06  0.05  0.10  0.05  0.15  0.06  0.06  0.01  0.05  0.20  0.13  0.20  0.46  0.19  0.10
  40| 74.37 11.61  1.05  0.11  0.05  0.84  0.04  0.09  0.10  1.17  0.49  1.24  1.78  0.53  0.50  0.30  0.41  0.04  0.06
  45| 38.36 11.29  0.88  0.74  0.54  0.12  0.18  0.60  1.39  1.24  2.20  5.24  3.15  0.40  0.17  0.18  0.02  0.15  0.01
  50| 46.10  5.63  0.75  0.61  1.39  0.29  0.19  0.11  0.15  2.20  2.99  5.13  1.38  0.65  0.53  0.74  0.28  0.08  0.01
  55| 30.19  4.46  0.84  1.34  0.31  0.17  0.53  0.31  0.29  0.53  0.20  0.60  0.56  0.37  0.16  0.44  0.15  0.08  0.26
  60| 16.95  5.94  2.34  0.88  0.25  0.26  0.04  0.14  0.31  0.08  0.45  0.04  0.26  0.21  0.22  0.53  0.46  0.23  0.11
  65| 14.64  7.11  2.37  0.49  0.10  0.13  0.04  0.05  0.02  0.01  0.03  0.06  0.05  0.28  0.23  0.12  0.24  0.11  0.06
  70| 18.79  3.20  1.99  0.33  0.08  0.02  0.01  0.22  0.04  0.03  0.01  0.03  0.09  0.07  0.27  0.27  0.25  0.04  0.03
  75|  5.01  2.72  1.61  0.10  0.07  0.03  0.03  0.04  0.02  0.02  0.00  0.04  0.02  0.04  0.15  0.05  0.11  0.10  0.06
  80|  6.87  3.32  0.48  0.11  0.09  0.05  0.03  0.08  0.01  0.07  0.02  0.00  0.01  0.09  0.14  0.31  0.68  0.53  0.32
  85|  6.17  4.08  0.94  0.53  0.96  0.21  0.16  0.46  0.23  0.19  0.16  0.20  0.50  0.41  0.39  1.23  0.14  1.26  2.74
  90| 10.72  2.75  0.17  0.73  0.95  1.19  0.34  0.57  0.24  0.24  0.07  0.62  0.43  1.18  0.80  1.30  1.81 11.17 10.72


 ALPHA> 180   185   190   195   200   205   210   215   220   225   230   235   240   245   250   255   260   265   270
 BETA ------------------------------------------------------------------------------------------------------------------
   0| 10.72  2.75  0.17  0.73  0.95  1.19  0.34  0.57  0.24  0.24  0.07  0.62  0.43  1.18  0.80  1.30  1.81 11.17 10.72
   5|  4.47  0.57  0.58  0.53  0.44  0.73  0.78  0.99  0.76  0.09  0.24  0.28  1.01  0.47  1.29  1.62  2.29  7.25  6.17
  10|  0.75  0.47  0.67  0.68  0.05  0.39  0.15  0.19  0.05  0.04  0.10  0.29  0.26  0.57  0.80  0.72  5.88  7.68  6.87
  15|  0.40  0.21  0.55  0.48  0.04  0.05  0.01  0.03  0.02  0.01  0.10  0.03  0.03  0.08  0.19  1.72  3.18  4.86  5.01
  20|  0.11  0.24  0.03  0.23  0.10  0.03  0.20  0.07  0.07  0.08  0.07  0.03  0.02  0.20  0.97  2.71  5.78 15.24 18.79
  25|  0.04  0.16  0.04  0.02  0.03  0.19  0.04  0.06  0.12  0.02  0.23  0.04  0.02  0.12  0.28  0.75  9.47 15.90 14.64
  30|  0.23  0.02  0.01  0.13  0.10  0.06  0.17  0.02  0.04  0.05  0.09  0.01  0.05  0.08  0.31  4.78 14.81 20.35 16.95
  35|  0.10  0.07  0.12  0.03  0.16  0.11  0.03  0.03  0.10  0.08  0.03  0.02  0.03  0.17  0.78  7.55 20.73 41.15 30.19
  40|  0.06  0.03  0.28  0.06  0.63  0.80  3.30  5.55  2.72  0.09  0.26  0.02  0.14  0.36  0.34  3.88 35.31 98.87 46.10
  45|  0.01  0.01  0.10  0.40  0.08  1.30 12.25 40.38  7.62  0.40  0.32  0.03  0.36  1.09  0.72  3.09 38.09118.32 38.36
  50|  0.01  0.15  0.09  0.85  0.19  1.02  6.46 18.06  7.37  0.56  0.06  0.09  0.15  1.01  1.76  3.92 15.73105.93 74.37
  55|  0.26  0.11  0.27  0.11  0.22  0.51  1.61  0.71  0.42  0.30  0.39  0.07  0.44  0.27  2.21  1.63 22.72 45.69 29.89
  60|  0.11  0.19  0.10  0.40  0.10  0.19  1.05  0.11  0.14  0.09  0.04  0.01  0.10  0.02  0.79  6.73 24.71 32.24 23.81
  65|  0.06  0.02  0.02  0.02  0.06  0.12  0.14  0.01  0.12  0.26  0.02  0.06  0.00  0.04  0.10  1.44 20.57 22.96 15.81
  70|  0.03  0.06  0.03  0.02  0.04  0.01  0.03  0.02  0.06  0.06  0.09  0.01  0.00  0.07  0.24  3.63  8.51 22.59 14.31
  75|  0.06  0.06  0.08  0.02  0.22  0.01  0.01  0.03  0.11  0.02  0.02  0.02  0.01  0.05  0.72  1.80  2.33  8.08  7.88
  80|  0.32  0.17  0.04  0.15  0.03  0.04  0.06  0.21  0.10  0.27  0.20  0.08  0.27  0.08  0.55  2.85  7.60 11.10 11.15
  85|  2.74  0.60  0.72  0.18  0.25  0.47  0.66  0.78  0.50  0.04  0.14  0.11  0.28  0.32  0.24  2.48  3.57 11.07 12.38
  90| 10.72  2.75  0.17  0.73  0.95  1.19  0.34  0.57  0.24  0.24  0.07  0.62  0.43  1.18  0.80  1.30  1.81 11.17 10.72


 ALPHA> 270   275   280   285   290   295   300   305   310   315   320   325   330   335   340   345   350   355   360
 BETA ------------------------------------------------------------------------------------------------------------------
   0| 10.72  2.75  0.17  0.73  0.95  1.19  0.34  0.57  0.24  0.24  0.07  0.62  0.43  1.18  0.80  1.30  1.81 11.17 10.72
   5|  6.17  4.08  0.94  0.53  0.96  0.21  0.16  0.46  0.23  0.19  0.16  0.20  0.50  0.41  0.39  1.23  0.14  1.26  2.74
  10|  6.87  3.32  0.48  0.11  0.09  0.05  0.03  0.08  0.01  0.07  0.02  0.00  0.01  0.09  0.14  0.31  0.68  0.53  0.32
  15|  5.01  2.72  1.61  0.10  0.07  0.03  0.03  0.04  0.02  0.02  0.00  0.04  0.02  0.04  0.15  0.05  0.11  0.10  0.06
  20| 18.79  3.20  1.99  0.33  0.08  0.02  0.01  0.22  0.04  0.03  0.01  0.03  0.09  0.07  0.27  0.27  0.25  0.04  0.03
  25| 14.64  7.11  2.37  0.49  0.10  0.13  0.04  0.05  0.02  0.01  0.03  0.06  0.05  0.28  0.23  0.12  0.24  0.11  0.06
  30| 16.95  5.94  2.34  0.88  0.25  0.26  0.04  0.14  0.31  0.08  0.45  0.04  0.26  0.21  0.22  0.53  0.46  0.23  0.11
  35| 30.19  4.46  0.84  1.34  0.31  0.17  0.53  0.31  0.29  0.53  0.20  0.60  0.56  0.37  0.16  0.44  0.15  0.08  0.26
  40| 46.10  5.63  0.75  0.61  1.39  0.29  0.19  0.11  0.15  2.20  2.99  5.13  1.38  0.65  0.53  0.74  0.28  0.08  0.01
  45| 38.36 11.29  0.88  0.74  0.54  0.12  0.18  0.60  1.39  1.24  2.20  5.24  3.15  0.40  0.17  0.18  0.02  0.15  0.01
  50| 74.37 11.61  1.05  0.11  0.05  0.84  0.04  0.09  0.10  1.17  0.49  1.24  1.78  0.53  0.50  0.30  0.41  0.04  0.06
  55| 29.89  3.61  1.05  0.27  0.06  0.05  0.10  0.05  0.15  0.06  0.06  0.01  0.05  0.20  0.13  0.20  0.46  0.19  0.10
  60| 23.81  2.26  0.30  0.08  0.02  0.06  0.01  0.03  0.24  0.08  0.03  0.02  0.02  0.05  0.16  0.04  0.54  0.35  0.23
  65| 15.81  4.59  0.27  0.33  0.01  0.02  0.02  0.15  0.02  0.02  0.01  0.06  0.04  0.44  0.31  0.13  0.39  0.19  0.04
  70| 14.31  2.00  1.36  0.21  0.04  0.01  0.02  0.09  0.06  0.03  0.04  0.02  0.01  0.19  0.37  0.72  0.55  0.14  0.11
  75|  7.88  1.26  0.73  0.13  0.02  0.04  0.08  0.05  0.01  0.01  0.02  0.02  0.03  0.06  0.61  0.43  0.19  0.26  0.40
  80| 11.15  2.45  0.38  0.36  0.11  0.22  0.26  0.20  0.01  0.01  0.02  0.08  0.08  0.07  0.19  0.59  0.81  0.80  0.75
  85| 12.38  1.92  0.39  0.28  0.43  0.92  0.19  0.59  0.03  0.15  0.42  0.17  0.32  0.18  0.34  0.56  2.86  2.81  4.47
  90| 10.72  2.75  0.17  0.73  0.95  1.19  0.34  0.57  0.24  0.24  0.07  0.62  0.43  1.18  0.80  1.30  1.81 11.17 10.72


     GAMMA =   5.0

         MINIMUM =     0.001     BETA  = 20.     ALPHA =  55.
         MAXIMUM =   164.728     BETA  = 40.     ALPHA = 265.


 ALPHA>   0     5    10    15    20    25    30    35    40    45    50    55    60    65    70    75    80    85    90
 BETA ------------------------------------------------------------------------------------------------------------------
   0|  2.75  0.17  0.73  0.95  1.19  0.34  0.57  0.24  0.24  0.07  0.62  0.43  1.18  0.80  1.30  1.81 11.17 10.72  2.75
   5|  0.48  0.70  0.14  0.32  0.56  0.65  0.36  0.71  0.07  0.14  0.06  0.90  0.15  0.32  1.02  4.46 13.23  9.96  1.80
  10|  0.28  0.12  0.04  0.02  0.09  0.01  0.28  0.10  0.18  0.06  0.03  0.06  0.07  0.18  2.63  1.80  6.03  6.52  1.29
  15|  0.03  0.13  0.00  0.12  0.03  0.01  0.07  0.05  0.08  0.01  0.01  0.03  0.03  0.45  2.13  1.82 15.26  9.16  2.75
  20|  0.02  0.03  0.04  0.03  0.02  0.01  0.06  0.15  0.20  0.02  0.06  0.00  0.05  0.25  2.44  7.36 20.72  9.55  1.74
  25|  0.09  0.01  0.01  0.03  0.21  0.08  0.04  0.23  0.22  0.06  0.02  0.10  0.01  0.70  0.65 19.36 23.02 16.17  2.86
  30|  0.44  0.02  0.28  0.20  0.24  0.89  0.17  0.42  0.06  0.18  0.05  0.07  0.85  0.12  4.14 17.64 22.94 13.93  1.51
  35|  0.05  0.20  0.15  0.22  0.52  3.09  1.88  1.28  0.78  0.94  0.10  0.57  0.51  0.43  2.09 21.46 25.80 21.92  4.97
  40|  0.02  0.08  0.38  0.41  0.58  2.70 23.15 18.97  1.04  0.31  0.05  0.25  0.60  1.81  0.64  3.67 37.37 50.79  6.52
  45|  0.01  0.06  0.07  0.02  0.42  3.50 11.47  4.91  0.41  0.37  0.04  0.04  0.68  0.22  2.68 16.37 38.05 37.35 13.58
  50|  0.09  0.08  0.20  0.23  1.62  1.45  1.54  0.33  1.44  0.33  0.26  0.05  0.14  0.68  2.26  7.38 27.09 12.61  5.85
  55|  0.09  0.08  0.18  0.16  0.03  0.03  0.03  0.04  0.06  0.04  0.02  0.01  0.04  0.06  0.39  4.76  6.47  6.76  2.99
  60|  0.04  0.02  0.02  0.22  0.03  0.06  0.09  0.05  0.05  0.01  0.06  0.05  0.01  0.11  0.44  2.78  3.09  2.71  4.41
  65|  0.06  0.04  0.04  0.12  0.22  0.03  0.04  0.06  0.05  0.11  0.18  0.03  0.02  0.16  1.30  2.00  2.41  1.69  2.80
  70|  0.24  0.08  0.04  0.72  0.04  0.06  0.05  0.04  0.07  0.09  0.13  0.03  0.10  0.15  0.59  0.73  0.65  3.84  2.02
  75|  0.68  1.27  0.32  0.11  0.04  0.02  0.06  0.03  0.01  0.02  0.05  0.05  0.08  0.49  0.77  0.58  5.31  4.19  1.27
  80|  0.68  0.91  1.60  0.17  0.11  0.17  0.03  0.06  0.01  0.02  0.02  0.16  0.05  0.13  0.15  0.13  1.27  2.48  1.47
  85|  3.26  1.29  0.68  0.67  0.50  0.18  0.63  0.09  0.13  0.04  0.29  0.66  0.54  0.20  0.39  0.70  1.34  4.99  3.39
  90|  6.17  4.08  0.94  0.53  0.96  0.21  0.16  0.46  0.23  0.19  0.16  0.20  0.50  0.41  0.39  1.23  0.14  1.26  2.74


 ALPHA>  90    95   100   105   110   115   120   125   130   135   140   145   150   155   160   165   170   175   180
 BETA ------------------------------------------------------------------------------------------------------------------
   0|  2.75  0.17  0.73  0.95  1.19  0.34  0.57  0.24  0.24  0.07  0.62  0.43  1.18  0.80  1.30  1.81 11.17 10.72  2.75
   5|  1.80  0.41  0.28  0.67  0.85  0.20  0.30  0.06  0.11  0.45  0.23  0.18  0.28  0.31  0.59  2.65  4.33  2.53  1.09
  10|  1.29  0.28  0.19  0.11  0.16  0.11  0.13  0.02  0.01  0.02  0.02  0.05  0.15  0.04  0.33  0.34  0.90  0.49  0.12
  15|  2.75  1.24  0.30  0.10  0.03  0.06  0.16  0.00  0.01  0.02  0.01  0.06  0.05  0.82  0.37  0.18  0.12  0.42  0.19
  20|  1.74  1.85  0.16  0.07  0.02  0.01  0.03  0.05  0.02  0.02  0.00  0.05  0.05  0.47  1.22  0.09  0.28  0.30  0.15
  25|  2.86  0.37  0.84  0.21  0.01  0.02  0.07  0.06  0.02  0.02  0.01  0.02  0.44  0.60  0.29  0.62  0.25  0.14  0.08
  30|  1.51  0.33  0.09  0.16  0.01  0.04  0.02  0.05  0.25  0.02  0.01  0.01  0.02  0.14  0.13  0.22  0.21  0.22  0.07
  35|  4.97  0.59  0.11  0.04  0.01  0.02  0.04  0.09  0.05  0.12  0.01  0.01  0.10  0.19  0.19  0.14  0.47  0.09  0.05
  40|  6.52  2.00  1.14  0.10  0.14  0.11  0.11  0.30  0.20  1.63  0.37  2.17  0.75  1.44  0.15  0.25  0.12  0.06  0.03
  45| 13.58  1.34  0.46  0.22  0.05  0.20  0.13  0.33  0.95  2.02  1.15  1.75  0.08  0.12  0.20  0.16  0.08  0.02  0.02
  50|  5.85  1.09  0.56  0.25  0.33  0.21  0.08  0.91  0.77  2.37  5.83  2.39  0.56  0.93  0.65  0.46  0.02  0.48  0.02
  55|  2.99  1.16  0.46  0.13  1.40  0.56  0.14  0.38  0.41  0.81  2.26  1.08  1.25  0.38  0.18  0.33  0.14  0.16  0.18
  60|  4.41  0.96  1.55  1.67  0.18  0.37  0.13  0.09  0.41  0.27  0.89  0.10  4.73  0.53  1.58  0.31  0.33  0.05  0.17
  65|  2.80  2.27  0.71  1.37  0.73  0.13  0.07  0.07  0.05  0.06  0.03  0.16  0.40  4.05  0.07  0.11  0.14  0.04  0.05
  70|  2.02  1.45  0.48  0.17  0.25  0.01  0.02  0.09  0.03  0.09  0.00  0.03  0.09  0.35  0.14  0.06  0.10  0.03  0.01
  75|  1.27  0.80  0.52  0.10  0.20  0.01  0.01  0.19  0.01  0.08  0.02  0.00  0.04  0.06  0.15  0.40  0.12  1.00  0.63
  80|  1.47  0.34  0.31  0.01  0.12  0.02  0.00  0.24  0.05  0.02  0.00  0.00  0.00  0.07  0.31  0.37  0.27  0.44  0.19
  85|  3.39  0.94  0.39  0.31  0.19  0.35  1.18  0.03  0.66  0.49  0.05  0.08  0.13  0.20  0.83  0.27  3.18  2.95  0.58
  90|  2.74  0.60  0.72  0.18  0.25  0.47  0.66  0.78  0.50  0.04  0.14  0.11  0.28  0.32  0.24  2.48  3.57 11.07 12.38


 ALPHA> 180   185   190   195   200   205   210   215   220   225   230   235   240   245   250   255   260   265   270
 BETA ------------------------------------------------------------------------------------------------------------------
   0|  2.75  0.17  0.73  0.95  1.19  0.34  0.57  0.24  0.24  0.07  0.62  0.43  1.18  0.80  1.30  1.81 11.17 10.72  2.75
   5|  1.09  0.45  0.48  0.41  0.86  0.72  0.64  1.02  0.09  0.26  0.29  1.08  0.53  0.71  2.04  2.09  6.90  9.45  2.18
  10|  0.12  0.33  0.17  0.04  0.31  0.08  0.11  0.04  0.02  0.04  0.06  0.10  0.42  0.75  0.75  4.56  3.09  3.12  2.24
  15|  0.19  0.30  0.36  0.03  0.03  0.03  0.07  0.01  0.01  0.07  0.03  0.03  0.09  0.19  2.09  3.57  7.21  5.02  4.82
  20|  0.15  0.18  0.06  0.15  0.08  0.08  0.05  0.11  0.15  0.04  0.06  0.02  0.23  0.94  2.08  5.83 23.87 15.95  3.68
  25|  0.08  0.16  0.02  0.03  0.03  0.21  0.06  0.02  0.06  0.27  0.08  0.03  0.08  0.24  1.57 10.91 24.34 12.94  8.82
  30|  0.07  0.03  0.04  0.11  0.29  0.45  0.03  0.06  0.05  0.15  0.02  0.04  0.19  0.87  3.32 17.19 32.78 27.65 10.16
  35|  0.05  0.03  0.03  0.30  0.23  0.14  0.03  0.20  0.16  0.29  0.02  0.14  0.09  0.68  4.40 18.09 54.32 41.17  6.87
  40|  0.03  0.06  0.15  0.30  0.71  1.98 10.67  7.03  2.30  0.07  0.11  0.12  0.82  0.39  3.54 20.32 69.83164.73 21.05
  45|  0.02  0.06  0.49  0.29  0.08  4.35 15.15 28.30  3.22  0.06  0.07  0.22  0.48  1.49  2.86 18.15 81.12 45.56 24.60
  50|  0.02  0.27  0.90  1.22  1.92  1.77  3.87  3.12  2.07  0.15  0.18  0.05  0.31  4.32  1.97  9.34 44.75 81.18 15.67
  55|  0.18  0.15  0.54  0.08  0.52  0.62  0.54  0.76  0.55  0.25  0.12  0.02  0.12  0.22  1.25  6.83 26.50 17.44  5.54
  60|  0.17  0.23  0.05  0.09  0.25  0.05  0.07  0.02  0.18  0.07  0.11  0.00  0.06  0.09  0.18  3.08 26.59 12.09  2.68
  65|  0.05  0.07  0.15  0.07  0.05  0.06  0.05  0.04  0.13  0.27  0.01  0.06  0.02  0.05  0.56  2.13  7.63  6.32  3.72
  70|  0.01  0.10  0.02  0.11  0.03  0.01  0.01  0.07  0.02  0.09  0.04  0.09  0.01  0.21  0.28  0.58  1.59  4.95  1.80
  75|  0.63  0.04  0.04  0.01  0.02  0.01  0.01  0.04  0.04  0.06  0.15  0.10  0.35  0.88  0.51  1.64  2.97  8.01  2.80
  80|  0.19  0.34  0.08  0.14  0.03  0.13  0.02  0.03  0.12  0.07  0.07  0.09  0.14  0.10  0.12  0.38  0.84  2.23  0.92
  85|  0.58  1.51  1.51  0.09  0.21  0.22  0.49  0.05  0.11  0.03  0.12  0.22  0.28  0.26  0.31  0.31  3.04  1.56  4.09
  90| 12.38  1.92  0.39  0.28  0.43  0.92  0.19  0.59  0.03  0.15  0.42  0.17  0.32  0.18  0.34  0.56  2.86  2.81  4.47


 ALPHA> 270   275   280   285   290   295   300   305   310   315   320   325   330   335   340   345   350   355   360
 BETA ------------------------------------------------------------------------------------------------------------------
   0|  2.75  0.17  0.73  0.95  1.19  0.34  0.57  0.24  0.24  0.07  0.62  0.43  1.18  0.80  1.30  1.81 11.17 10.72  2.75
   5|  2.18  1.78  0.36  1.00  0.25  0.14  0.35  0.20  0.26  0.22  0.19  0.54  0.45  0.27  1.16  1.51  0.13  5.48  0.48
  10|  2.24  0.57  0.06  0.07  0.05  0.01  0.08  0.02  0.06  0.02  0.02  0.00  0.05  0.13  0.36  0.17  0.35  0.08  0.28
  15|  4.82  2.00  0.30  0.19  0.04  0.05  0.02  0.02  0.07  0.00  0.01  0.02  0.02  0.08  0.14  0.09  0.07  0.11  0.03
  20|  3.68  0.75  0.32  0.09  0.01  0.01  0.09  0.07  0.01  0.01  0.00  0.06  0.24  0.16  0.26  0.16  0.12  0.06  0.02
  25|  8.82  3.14  0.44  0.45  0.07  0.04  0.12  0.08  0.02  0.02  0.03  0.04  0.26  0.30  0.15  0.19  0.10  0.18  0.09
  30| 10.16  2.33  1.34  0.13  0.23  0.07  0.02  0.33  0.50  0.04  0.05  0.07  0.26  0.34  0.54  0.22  0.13  0.27  0.44
  35|  6.87  1.42  0.30  0.24  0.34  0.07  0.37  0.56  0.15  0.21  0.07  0.29  0.20  0.04  0.15  0.30  0.14  0.20  0.05
  40| 21.05  2.86  0.24  1.38  0.85  0.11  0.19  0.18  0.32  0.72  2.03  1.88  2.21  0.86  0.98  0.12  0.22  0.02  0.02
  45| 24.60  3.03  0.19  0.26  1.19  0.06  0.21  0.11  1.16  1.94  8.80  1.45  1.35  0.19  0.19  0.12  0.02  0.04  0.01
  50| 15.67  1.68  0.44  0.43  0.06  0.26  0.05  0.32  0.75  6.02  2.52  1.57  1.81  0.32  0.44  0.15  0.20  0.02  0.09
  55|  5.54  0.71  0.23  0.18  0.10  0.05  0.32  0.28  0.49  0.25  0.73  0.18  0.10  0.03  0.05  0.18  0.15  0.09  0.09
  60|  2.68  1.93  0.09  0.27  0.04  0.04  0.09  0.10  0.11  0.06  0.12  0.23  0.10  0.16  0.04  0.08  0.21  0.04  0.04
  65|  3.72  1.28  0.02  0.43  0.21  0.02  0.02  0.06  0.06  0.10  0.12  0.06  0.13  0.37  0.72  0.06  0.06  0.47  0.06
  70|  1.80  0.31  0.13  0.07  0.14  0.03  0.02  0.06  0.14  0.02  0.03  0.01  0.03  0.49  0.30  0.37  0.15  0.04  0.24
  75|  2.80  1.17  1.02  0.04  0.11  0.13  0.05  0.48  0.04  0.03  0.07  0.03  0.04  0.27  1.40  1.54  0.81  1.91  0.68
  80|  0.92  0.70  0.15  0.09  0.04  0.06  0.41  0.25  0.01  0.03  0.07  0.01  0.02  0.12  0.35  0.73  1.24  1.16  0.68
  85|  4.09  2.09  0.26  0.21  0.75  0.24  1.38  0.62  0.40  0.34  0.14  0.18  0.19  0.27  0.32  0.35  5.63  4.37  3.26
  90|  4.47  0.57  0.58  0.53  0.44  0.73  0.78  0.99  0.76  0.09  0.24  0.28  1.01  0.47  1.29  1.62  2.29  7.25  6.17


     GAMMA =  10.0

         MINIMUM =     0.001     BETA  = 20.     ALPHA = 135.
         MAXIMUM =    55.572     BETA  = 40.     ALPHA = 255.


 ALPHA>   0     5    10    15    20    25    30    35    40    45    50    55    60    65    70    75    80    85    90
 BETA ------------------------------------------------------------------------------------------------------------------
   0|  0.17  0.73  0.95  1.19  0.34  0.57  0.24  0.24  0.07  0.62  0.43  1.18  0.80  1.30  1.81 11.17 10.72  2.75  0.17
   5|  0.56  0.13  0.25  0.72  0.78  0.35  0.33  0.10  0.22  0.06  0.49  0.49  0.15  1.32  1.83 16.50 11.90  1.45  0.39
  10|  0.11  0.08  0.01  0.03  0.03  0.05  0.26  0.27  0.09  0.02  0.05  0.04  0.36  2.04  2.96  5.27 12.57  1.87  0.60
  15|  0.04  0.01  0.03  0.02  0.05  0.06  0.03  0.04  0.06  0.00  0.01  0.19  0.21  1.30  1.71 10.95  7.17  2.21  0.81
  20|  0.02  0.05  0.04  0.02  0.00  0.02  0.23  0.13  0.03  0.01  0.00  0.02  0.12  0.96  2.86 14.31  4.86  0.82  0.95
  25|  0.03  0.00  0.02  0.11  0.12  0.07  0.14  0.34  0.08  0.10  0.10  0.10  0.12  1.43  5.67 11.25  8.02  2.06  0.52
  30|  0.03  0.13  0.13  0.16  1.04  0.25  0.30  0.53  0.16  0.09  0.07  0.14  1.35  0.24  7.57  7.80  5.91  1.77  0.15
  35|  0.23  0.01  0.13  0.56  5.52 14.09 10.34  1.66  0.75  0.10  0.97  0.58  1.15  0.25  3.54  7.34  5.90  1.77  0.83
  40|  0.11  0.31  0.29  1.40 17.72 37.11  8.63  1.57  0.38  0.17  0.45  2.01  0.42  0.82  2.88  1.26  0.82  0.91  0.42
  45|  0.02  0.01  0.21  0.39  7.29  5.39  0.68  0.73  0.20  0.23  0.37  0.09  1.71  1.47  5.33 21.09 13.72 10.26  2.04
  50|  0.05  0.02  0.01  0.07  0.02  0.02  0.07  0.03  0.04  0.15  0.05  0.01  0.06  0.38  1.59  2.14  1.11  0.53  0.33
  55|  0.05  0.06  0.02  0.02  0.01  0.01  0.01  0.01  0.02  0.02  0.08  0.01  0.05  0.50  1.03  2.03  1.79  0.81  0.35
  60|  0.10  0.02  0.00  0.03  0.03  0.02  0.06  0.01  0.03  0.02  0.04  0.02  0.04  0.23  1.16  1.28  1.29  0.45  0.18
  65|  0.12  0.02  0.01  0.07  0.01  0.02  0.04  0.02  0.01  0.03  0.02  0.02  0.03  0.13  0.44  0.84  0.79  0.25  0.10
  70|  0.05  0.24  0.06  0.28  0.02  0.01  0.13  0.01  0.04  0.03  0.06  0.02  0.03  0.39  0.41  0.65  0.60  0.35  0.43
  75|  0.77  0.56  0.05  0.32  0.01  0.00  0.04  0.01  0.05  0.01  0.01  0.04  0.02  0.23  0.21  0.74  0.91  0.55  0.25
  80|  1.64  0.17  0.19  0.05  0.05  0.03  0.02  0.02  0.00  0.01  0.00  0.03  0.05  0.06  0.27  0.30  1.16  0.29  0.27
  85|  3.97  0.88  0.48  0.05  0.11  0.04  0.01  0.15  0.00  0.06  0.06  0.03  0.02  0.02  0.15  0.19  0.90  0.56  0.17
  90|  6.87  3.32  0.48  0.11  0.09  0.05  0.03  0.08  0.01  0.07  0.02  0.00  0.01  0.09  0.14  0.31  0.68  0.53  0.32


 ALPHA>  90    95   100   105   110   115   120   125   130   135   140   145   150   155   160   165   170   175   180
 BETA ------------------------------------------------------------------------------------------------------------------
   0|  0.17  0.73  0.95  1.19  0.34  0.57  0.24  0.24  0.07  0.62  0.43  1.18  0.80  1.30  1.81 11.17 10.72  2.75  0.17
   5|  0.39  0.30  0.67  1.32  0.18  0.30  0.03  0.20  0.34  0.25  0.25  0.16  0.49  0.53  2.81  4.01  3.90  0.62  0.85
  10|  0.60  0.31  0.19  0.51  0.14  0.11  0.02  0.02  0.01  0.03  0.03  0.23  0.19  0.08  0.36  0.56  0.72  0.14  0.13
  15|  0.81  0.26  0.13  0.09  0.04  0.12  0.02  0.00  0.04  0.00  0.02  0.13  0.55  0.38  0.20  0.14  0.20  0.21  0.51
  20|  0.95  0.44  0.06  0.10  0.01  0.04  0.02  0.03  0.02  0.00  0.02  0.19  0.03  2.37  0.12  0.07  0.35  0.12  0.19
  25|  0.52  1.28  0.33  0.24  0.00  0.03  0.09  0.07  0.01  0.00  0.01  0.14  0.32  0.37  0.56  0.30  0.33  0.17  0.08
  30|  0.15  0.27  0.09  0.05  0.01  0.06  0.03  0.04  0.03  0.02  0.01  0.03  0.03  0.11  0.06  0.32  0.35  0.05  0.04
  35|  0.83  0.24  0.04  0.01  0.05  0.04  0.18  0.08  0.08  0.06  0.02  0.02  0.14  0.21  0.18  0.08  0.11  0.08  0.06
  40|  0.42  0.16  0.43  0.01  0.05  0.42  0.12  0.06  0.06  0.29  0.02  0.14  0.13  0.08  0.09  0.01  0.03  0.06  0.03
  45|  2.04  1.45  0.05  0.17  0.09  0.97  0.13  0.73  1.44  2.19  0.23  0.13  0.17  0.11  0.32  0.05  0.03  0.06  0.14
  50|  0.33  0.05  0.04  0.02  0.12  0.01  0.05  0.47  1.30  6.37  1.31  0.42  0.36  0.56  0.50  0.24  0.11  0.27  0.15
  55|  0.35  0.04  0.02  0.17  0.40  0.03  0.16  0.57  1.53  3.13  1.41  0.53  0.20  0.26  0.05  0.16  0.06  0.30  0.64
  60|  0.18  0.06  0.14  0.10  0.53  0.04  0.06  0.10  0.99  2.80  0.81  0.37  1.22  0.26  0.35  1.01  0.53  0.06  0.36
  65|  0.10  0.07  0.09  0.11  0.25  0.03  0.03  0.08  0.18  0.37  0.13  0.36  0.08  0.08  0.01  0.02  0.04  0.12  0.05
  70|  0.43  0.06  0.43  0.05  0.25  0.05  0.01  0.15  0.04  0.05  0.09  0.07  0.05  0.15  0.79  0.05  0.16  0.04  0.04
  75|  0.25  0.05  0.12  0.08  0.55  0.04  0.03  0.04  0.03  0.18  0.01  0.07  0.03  0.12  0.86  0.11  0.14  0.48  0.23
  80|  0.27  0.04  0.09  0.04  0.02  0.02  0.00  0.03  0.02  0.01  0.02  0.00  0.04  0.09  0.13  0.91  0.13  0.96  0.17
  85|  0.17  0.11  0.02  0.07  0.01  0.09  0.08  0.03  0.12  0.16  0.05  0.02  0.01  0.05  0.21  1.45  0.26  3.43  1.71
  90|  0.32  0.17  0.04  0.15  0.03  0.04  0.06  0.21  0.10  0.27  0.20  0.08  0.27  0.08  0.55  2.85  7.60 11.10 11.15


 ALPHA> 180   185   190   195   200   205   210   215   220   225   230   235   240   245   250   255   260   265   270
 BETA ------------------------------------------------------------------------------------------------------------------
   0|  0.17  0.73  0.95  1.19  0.34  0.57  0.24  0.24  0.07  0.62  0.43  1.18  0.80  1.30  1.81 11.17 10.72  2.75  0.17
   5|  0.85  0.37  0.37  0.79  0.85  0.59  0.66  0.12  0.26  0.31  1.12  0.57  0.81  1.13  2.64  6.30  8.99  3.34  0.95
  10|  0.13  0.07  0.03  0.20  0.07  0.18  0.04  0.04  0.05  0.04  0.09  0.34  0.99  1.13  4.34  4.48  5.77  2.21  0.78
  15|  0.51  0.20  0.04  0.03  0.03  0.10  0.01  0.00  0.06  0.04  0.04  0.06  0.56  2.12  3.64  8.01  4.70  3.41  1.44
  20|  0.19  0.23  0.04  0.08  0.09  0.01  0.07  0.13  0.09  0.04  0.01  0.07  0.53  0.72  3.43 15.49 11.89  3.65  0.95
  25|  0.08  0.17  0.04  0.09  0.05  0.07  0.05  0.02  0.51  0.05  0.07  0.04  0.72  1.20  6.65 13.54 17.85  7.70  3.07
  30|  0.04  0.12  0.05  0.05  0.28  0.12  0.05  0.05  0.08  0.04  0.23  0.08  0.56  3.52  5.81 16.91 20.83  9.95  3.94
  35|  0.06  0.01  0.05  0.14  0.46  1.32  0.41  0.48  0.55  0.06  0.15  0.23  0.19  2.19  6.34 26.83 34.81 18.23  2.87
  40|  0.03  0.10  0.31  2.04 13.80 19.47 15.86  2.86  0.29  0.03  0.70  0.18  2.63  4.26  7.68 55.57 55.13 18.84  1.70
  45|  0.14  0.14  1.01  0.75  0.26 12.24  8.54  2.06  0.23  0.11  0.31  0.22  1.47  2.91 12.31 39.79 49.21 27.58  9.05
  50|  0.15  0.33  0.41  0.40  0.32  0.51  0.31  0.17  0.14  0.01  0.02  0.04  0.52  1.39  1.65  8.67  7.24  3.65  0.86
  55|  0.64  0.03  0.35  0.04  0.18  0.10  1.09  0.05  0.08  0.04  0.07  0.02  0.25  0.70  0.90  2.34  4.34  2.85  0.18
  60|  0.36  0.03  0.07  0.03  0.02  0.01  0.05  0.02  0.25  0.01  0.09  0.05  0.05  0.10  0.49  1.27  0.73  2.49  0.04
  65|  0.05  0.18  0.02  0.02  0.01  0.02  0.03  0.01  0.09  0.07  0.03  0.01  0.03  0.09  0.10  0.37  0.20  0.28  0.15
  70|  0.04  0.06  0.05  0.02  0.01  0.01  0.00  0.01  0.02  0.07  0.08  0.07  0.04  0.35  0.35  0.63  1.26  0.23  0.24
  75|  0.23  0.06  0.02  0.03  0.00  0.02  0.02  0.05  0.01  0.13  0.11  0.08  0.25  0.26  0.27  0.22  0.18  0.73  0.41
  80|  0.17  0.05  0.07  0.02  0.01  0.08  0.08  0.03  0.04  0.05  0.13  0.04  0.12  0.03  0.09  0.33  0.18  0.56  0.40
  85|  1.71  0.93  0.49  0.24  0.21  0.05  0.04  0.03  0.03  0.01  0.01  0.04  0.09  0.09  0.12  0.12  0.33  1.18  0.14
  90| 11.15  2.45  0.38  0.36  0.11  0.22  0.26  0.20  0.01  0.01  0.02  0.08  0.08  0.07  0.19  0.59  0.81  0.80  0.75


 ALPHA> 270   275   280   285   290   295   300   305   310   315   320   325   330   335   340   345   350   355   360
 BETA ------------------------------------------------------------------------------------------------------------------
   0|  0.17  0.73  0.95  1.19  0.34  0.57  0.24  0.24  0.07  0.62  0.43  1.18  0.80  1.30  1.81 11.17 10.72  2.75  0.17
   5|  0.95  0.68  0.67  0.26  0.16  0.31  0.15  0.22  0.30  0.27  0.52  0.48  0.29  0.78  1.42  1.40  0.55  0.97  0.56
  10|  0.78  0.14  0.13  0.11  0.02  0.06  0.02  0.08  0.04  0.03  0.00  0.01  0.11  0.52  0.38  0.11  0.09  0.10  0.11
  15|  1.44  0.11  0.36  0.05  0.05  0.06  0.01  0.08  0.01  0.01  0.00  0.04  0.11  0.13  0.17  0.10  0.04  0.08  0.04
  20|  0.95  0.17  0.36  0.02  0.02  0.07  0.08  0.04  0.00  0.00  0.03  0.07  0.23  0.13  0.09  0.04  0.24  0.01  0.02
  25|  3.07  0.56  0.24  0.11  0.03  0.06  0.15  0.01  0.01  0.02  0.01  0.30  0.17  0.10  0.12  0.10  0.14  0.31  0.03
  30|  3.94  0.43  0.21  0.07  0.03  0.15  0.07  0.07  0.16  0.00  0.35  0.02  0.39  0.11  0.36  0.13  0.41  0.28  0.03
  35|  2.87  0.71  0.08  0.42  0.44  0.06  0.31  0.48  0.08  0.06  0.14  0.35  0.25  0.23  0.19  0.12  0.03  0.11  0.23
  40|  1.70  0.39  0.14  0.16  0.18  0.11  0.04  0.32  0.09  0.42  0.70  0.85  0.80  0.09  0.11  0.01  0.03  0.02  0.11
  45|  9.05  0.30  0.39  0.49  0.30  0.14  0.12  0.20  3.46  5.18  3.75  1.40  1.10  0.12  0.05  0.02  0.01  0.07  0.02
  50|  0.86  0.03  0.05  0.04  0.04  0.17  0.06  0.13  1.09  2.52  2.56  0.65  1.19  0.34  0.42  0.25  0.17  0.03  0.05
  55|  0.18  0.21  0.04  0.08  0.05  0.04  0.19  0.14  0.15  1.07  0.38  0.06  0.05  0.04  0.11  0.18  0.16  0.09  0.05
  60|  0.04  0.46  0.05  0.04  0.16  0.07  0.04  0.05  0.10  0.07  0.45  0.08  0.05  0.04  0.08  0.26  0.11  0.08  0.10
  65|  0.15  0.26  0.16  0.13  0.09  0.02  0.06  0.10  0.18  0.06  0.11  0.09  0.04  0.13  0.25  0.05  0.13  0.05  0.12
  70|  0.24  0.07  0.16  0.21  0.06  0.05  0.03  0.02  0.10  0.02  0.07  0.05  0.07  0.38  0.58  0.05  0.41  0.73  0.05
  75|  0.41  0.56  0.20  0.08  0.26  0.03  0.05  0.06  0.03  0.04  0.05  0.04  0.18  0.10  0.53  0.88  0.18  0.91  0.77
  80|  0.40  0.09  0.18  0.06  0.06  0.07  0.05  0.20  0.04  0.01  0.00  0.02  0.02  0.16  0.79  0.73  0.69  0.89  1.64
  85|  0.14  0.11  0.25  0.05  0.02  0.06  0.04  0.20  0.07  0.10  0.02  0.03  0.10  0.10  0.16  2.00  3.59  2.51  3.97
  90|  0.75  0.47  0.67  0.68  0.05  0.39  0.15  0.19  0.05  0.04  0.10  0.29  0.26  0.57  0.80  0.72  5.88  7.68  6.87


     GAMMA =  15.0

         MINIMUM =     0.002     BETA  = 35.     ALPHA = 310.
         MAXIMUM =    33.047     BETA  = 15.     ALPHA =  70.


 ALPHA>   0     5    10    15    20    25    30    35    40    45    50    55    60    65    70    75    80    85    90
 BETA ------------------------------------------------------------------------------------------------------------------
   0|  0.73  0.95  1.19  0.34  0.57  0.24  0.24  0.07  0.62  0.43  1.18  0.80  1.30  1.81 11.17 10.72  2.75  0.17  0.73
   5|  0.11  0.24  0.56  1.00  0.42  0.32  0.05  0.31  0.09  0.47  0.27  0.47  0.62  2.37  6.76 14.85  1.73  0.31  0.28
  10|  0.12  0.02  0.02  0.05  0.10  0.06  0.46  0.06  0.03  0.03  0.07  0.58  2.37  3.04  8.25  5.73  0.95  0.87  0.15
  15|  0.02  0.02  0.01  0.06  0.43  0.04  0.06  0.11  0.03  0.01  0.09  1.02  1.73  3.96 33.05 13.72  9.27  1.75  0.96
  20|  0.05  0.03  0.01  0.01  0.02  0.05  0.27  0.03  0.03  0.00  0.15  0.09  0.53  1.31  7.27  4.31  0.71  1.46  0.20
  25|  0.02  0.01  0.02  0.08  0.04  0.08  0.29  0.23  0.09  0.11  0.06  1.35  0.12  3.07  1.48  2.22  0.78  0.51  1.26
  30|  0.05  0.06  0.25  1.27  1.04  1.04  1.57  0.90  0.09  0.05  0.22  0.18  0.51  0.37  1.20  1.76  1.38  0.14  0.57
  35|  0.02  0.03  0.56  0.79  3.53  5.50  0.33  0.07  0.27  0.18  0.16  0.40  0.28  0.16  1.04  0.99  0.43  0.27  0.23
  40|  0.14  0.07  0.27  0.80  2.98  4.82  0.29  0.09  0.08  0.12  0.06  0.14  0.13  0.53  1.67  1.15  0.46  0.46  0.07
  45|  0.01  0.06  0.31  0.27  0.18  0.32  0.08  0.01  0.01  0.07  0.02  0.03  0.85  0.57  1.96  7.38  0.99  0.69  0.19
  50|  0.08  0.03  0.06  0.00  0.01  0.07  0.00  0.08  0.05  0.16  0.11  0.13  0.26  1.01  1.39  0.40  0.70  0.26  0.02
  55|  0.04  0.01  0.06  0.01  0.01  0.03  0.00  0.05  0.04  0.09  0.03  0.02  0.22  0.11  0.42  0.22  0.26  0.22  0.05
  60|  0.02  0.00  0.01  0.06  0.03  0.02  0.00  0.03  0.03  0.13  0.29  0.10  0.07  0.09  0.21  0.50  0.12  0.07  0.10
  65|  0.02  0.02  0.03  0.09  0.03  0.01  0.03  0.02  0.03  0.05  0.17  0.08  0.03  0.08  0.22  0.72  0.11  0.09  0.06
  70|  0.13  0.28  0.18  0.33  0.01  0.05  0.11  0.01  0.07  0.03  0.09  0.13  0.02  0.08  0.09  0.68  0.97  0.18  0.04
  75|  0.66  1.60  0.21  1.00  0.06  0.05  0.06  0.01  0.04  0.01  0.02  0.09  0.04  0.13  0.17  0.39  0.91  0.21  0.07
  80|  2.56  0.39  0.20  0.19  0.07  0.11  0.05  0.02  0.01  0.01  0.01  0.03  0.03  0.16  0.24  0.15  0.32  0.16  0.05
  85| 11.78  2.37  0.60  0.23  0.51  0.02  0.08  0.06  0.02  0.06  0.01  0.04  0.04  0.10  0.16  0.48  0.30  0.17  0.45
  90|  5.01  2.72  1.61  0.10  0.07  0.03  0.03  0.04  0.02  0.02  0.00  0.04  0.02  0.04  0.15  0.05  0.11  0.10  0.06


 ALPHA>  90    95   100   105   110   115   120   125   130   135   140   145   150   155   160   165   170   175   180
 BETA ------------------------------------------------------------------------------------------------------------------
   0|  0.73  0.95  1.19  0.34  0.57  0.24  0.24  0.07  0.62  0.43  1.18  0.80  1.30  1.81 11.17 10.72  2.75  0.17  0.73
   5|  0.28  0.71  1.32  0.28  0.28  0.03  0.10  0.58  0.19  0.27  0.23  0.28  0.84  2.53  4.26  3.62  0.95  0.48  0.70
  10|  0.15  0.55  0.27  0.09  0.16  0.03  0.01  0.03  0.03  0.03  0.18  0.14  0.28  0.08  1.31  0.55  0.12  0.18  0.03
  15|  0.96  0.13  0.23  0.09  0.21  0.06  0.01  0.03  0.02  0.07  0.09  0.74  0.34  0.43  0.25  0.40  0.37  0.62  0.34
  20|  0.20  0.17  0.08  0.04  0.05  0.03  0.02  0.01  0.00  0.02  0.04  0.44  0.12  0.14  0.34  0.05  0.30  0.14  0.17
  25|  1.26  0.24  0.10  0.01  0.02  0.10  0.08  0.02  0.00  0.00  0.02  0.22  0.08  1.02  0.36  0.21  0.19  0.14  0.06
  30|  0.57  0.29  0.10  0.02  0.01  0.05  0.03  0.02  0.02  0.01  0.02  0.01  0.04  0.16  0.22  0.11  0.08  0.09  0.19
  35|  0.23  0.06  0.01  0.03  0.03  0.01  0.02  0.01  0.07  0.01  0.00  0.01  0.05  0.14  0.18  0.13  0.12  0.04  0.01
  40|  0.07  0.96  0.02  0.07  0.04  0.10  0.03  0.02  0.08  0.02  0.04  0.05  0.13  0.06  0.02  0.06  0.28  0.15  0.25
  45|  0.19  0.10  0.01  0.05  0.02  0.02  0.10  0.10  0.32  0.03  0.04  0.07  0.05  0.50  0.11  0.14  0.10  0.55  0.14
  50|  0.02  0.09  0.02  0.03  0.02  0.05  0.38  0.86  4.43  0.84  0.67  0.45  0.25  0.42  0.42  0.22  0.27  1.12  0.15
  55|  0.05  0.04  0.02  0.04  0.02  0.02  0.50  0.76  2.15  1.41  0.27  0.12  0.29  0.11  0.12  0.14  0.13  0.16  0.04
  60|  0.10  0.06  0.04  0.11  0.03  0.11  0.12  4.09  3.93  4.05  1.49  0.35  0.43  0.06  0.16  0.19  0.17  0.17  0.09
  65|  0.06  0.04  0.11  0.11  0.11  0.13  0.09  0.42  4.45  0.49  0.71  1.38  0.47  0.18  0.08  0.16  1.11  0.04  0.27
  70|  0.04  0.04  0.04  0.38  0.16  0.05  0.18  0.37  1.25  0.40  0.14  0.05  0.08  0.28  0.69  0.32  0.65  0.14  0.18
  75|  0.07  0.04  0.05  0.22  0.18  0.03  0.09  0.26  0.01  0.06  0.21  0.07  0.12  0.27  0.23  0.40  0.68  1.14  0.34
  80|  0.05  0.06  0.03  0.03  0.08  0.05  0.01  0.08  0.03  0.03  0.01  0.01  0.07  0.53  0.32  1.73  0.49  3.69  0.14
  85|  0.45  0.02  0.13  0.04  0.01  0.06  0.01  0.26  0.26  0.07  0.06  0.00  0.09  0.04  0.17  3.73  0.73  3.84  4.74
  90|  0.06  0.06  0.08  0.02  0.22  0.01  0.01  0.03  0.11  0.02  0.02  0.02  0.01  0.05  0.72  1.80  2.33  8.08  7.88


 ALPHA> 180   185   190   195   200   205   210   215   220   225   230   235   240   245   250   255   260   265   270
 BETA ------------------------------------------------------------------------------------------------------------------
   0|  0.73  0.95  1.19  0.34  0.57  0.24  0.24  0.07  0.62  0.43  1.18  0.80  1.30  1.81 11.17 10.72  2.75  0.17  0.73
   5|  0.70  0.28  0.71  0.77  0.69  0.61  0.08  0.35  0.31  1.18  0.59  0.86  1.28  1.46  7.96  8.21  3.18  1.46  0.36
  10|  0.03  0.02  0.12  0.09  0.14  0.05  0.05  0.04  0.04  0.09  0.34  0.69  5.04  6.58  3.55  5.34  1.33  0.48  0.08
  15|  0.34  0.15  0.02  0.21  0.15  0.04  0.01  0.01  0.05  0.11  0.10  2.12  8.58  7.69 14.40 18.91  5.83  3.25  0.38
  20|  0.17  0.25  0.03  0.05  0.04  0.05  0.08  0.12  0.06  0.01  0.13  0.65  1.61  1.86  6.45  6.59  5.07  0.70  0.49
  25|  0.06  0.31  0.05  0.01  0.03  0.07  0.23  0.05  0.16  0.00  0.24  0.93  0.65  1.87  6.18  5.10  6.72  2.95  0.36
  30|  0.19  0.09  0.03  0.20  0.40  0.08  0.06  0.43  0.07  0.53  0.58  0.33  1.04  2.66  5.95 11.74  7.92  5.25  0.60
  35|  0.01  0.03  0.08  0.21  2.00  1.93  0.09  0.02  0.05  0.14  0.13  1.30  0.21  1.97  3.45  5.93  7.41  0.68  0.13
  40|  0.25  0.06  0.42  1.27 15.39 20.16  1.30  0.07  0.06  0.02  0.28  0.31  1.94  2.22 11.06 20.20 14.53  2.29  1.39
  45|  0.14  0.22  0.27  0.61  0.17  1.31  0.71  0.07  0.19  0.02  0.13  0.22  0.49  2.54  5.64  7.76  1.99  2.65  0.48
  50|  0.15  0.98  0.23  0.35  0.20  0.12  0.17  0.06  0.08  0.03  0.24  0.15  0.99  2.34  8.18  4.62  1.34  0.60  0.51
  55|  0.04  0.09  0.26  0.04  0.06  0.03  0.06  0.02  0.14  0.04  0.09  0.07  0.86  0.14  0.94  1.03  0.41  0.41  0.25
  60|  0.09  0.11  0.01  0.06  0.05  0.02  0.07  0.01  0.32  0.17  0.15  0.12  0.08  0.19  0.04  0.31  0.91  0.21  0.20
  65|  0.27  0.12  0.02  0.01  0.01  0.01  0.11  0.01  0.07  0.30  0.09  0.08  0.05  0.07  0.15  0.12  0.10  0.51  0.11
  70|  0.18  0.04  0.02  0.09  0.01  0.02  0.03  0.05  0.05  0.34  0.08  0.11  0.08  0.33  0.01  0.12  1.00  0.45  0.05
  75|  0.34  0.12  0.02  0.02  0.05  0.03  0.16  0.09  0.03  0.31  0.07  0.12  0.20  0.25  0.14  0.08  0.53  0.28  0.22
  80|  0.14  0.08  0.03  0.24  0.04  0.09  0.07  0.03  0.04  0.03  0.05  0.07  0.03  0.02  0.16  0.20  0.18  0.15  0.23
  85|  4.74  1.44  0.80  0.64  0.21  0.08  0.02  0.22  0.02  0.00  0.08  0.01  0.21  0.15  0.08  0.75  0.17  0.31  0.41
  90|  7.88  1.26  0.73  0.13  0.02  0.04  0.08  0.05  0.01  0.01  0.02  0.02  0.03  0.06  0.61  0.43  0.19  0.26  0.40


 ALPHA> 270   275   280   285   290   295   300   305   310   315   320   325   330   335   340   345   350   355   360
 BETA ------------------------------------------------------------------------------------------------------------------
   0|  0.73  0.95  1.19  0.34  0.57  0.24  0.24  0.07  0.62  0.43  1.18  0.80  1.30  1.81 11.17 10.72  2.75  0.17  0.73
   5|  0.36  1.27  0.17  0.17  0.36  0.13  0.17  0.26  0.36  0.73  0.47  0.32  0.87  0.96  1.32  6.06  0.10  1.13  0.11
  10|  0.08  0.20  0.11  0.02  0.12  0.02  0.06  0.06  0.02  0.01  0.02  0.03  0.57  1.57  0.14  0.02  0.10  0.07  0.12
  15|  0.38  0.66  0.04  0.07  0.11  0.02  0.06  0.01  0.05  0.02  0.03  0.61  0.44  0.24  0.32  0.06  0.03  0.12  0.02
  20|  0.49  0.19  0.05  0.02  0.08  0.09  0.03  0.00  0.00  0.02  0.07  0.11  0.42  0.04  0.05  0.06  0.05  0.02  0.05
  25|  0.36  0.23  0.05  0.10  0.08  0.21  0.02  0.01  0.02  0.01  0.09  0.03  0.11  0.05  0.07  0.15  0.33  0.05  0.02
